454108084, 4, -12, -998, 2, 5, 0, -212, 56, 431
454228221, 6, -11, -1002, 1, 6, 0, -211, 55, 430
454348303, 5, -16, -1001, 3, 5, 0, -211, 55, 431
454468312, 3, -11, -1003, 3, 4, 0, -211, 53, 432
454588085, 1, -11, -1004, 2, 5, 0, -209, 53, 431
454708471, 2, -12, -1004, 3, 5, 0, -211, 54, 431
454828164, 1, -10, -1003, 2, 5, 0, -211, 55, 431
454948167, 2, -12, -1002, 3, 5, 1, -211, 54, 432
455068128, 0, -11, -1004, 4, 6, 0, -211, 55, 431
455188146, 3, -12, -1001, 0, 6, 0, -211, 54, 430
456388328, -2, -12, -1005, 3, 4, 1, -211, 55, 430
456508316, -1, -10, -1005, 3, 5, 0, -212, 55, 431
456628204, 0, -11, -1002, 2, 5, 0, -212, 56, 431
456748070, -1, -12, -1005, 4, 5, 1, -210, 54, 432
456868091, -1, -9, -1006, 3, 6, 0, -211, 55, 432
456988335, -1, -10, -1007, 3, 5, 0, -211, 54, 431
457108233, 0, -10, -1002, 3, 5, 0, -212, 55, 432
457228122, 0, -11, -1007, 3, 6, 0, -210, 54, 432
457348094, 0, -12, -1005, 3, 5, 0, -212, 54, 431
457468143, 0, -8, -1002, 3, 5, 0, -212, 55, 431
457588297, 0, -11, -1002, 3, 4, 0, -209, 54, 431
457708157, 3, -11, -1000, 4, 5, 0, -210, 53, 432
457828116, 1, -11, -1001, 2, 6, 0, -213, 55, 431
457948730, 0, -14, -1005, 2, 5, 0, -211, 54, 432
458068142, 0, -13, -1001, 4, 5, 0, -212, 55, 431
458188286, 1, -10, -1004, 4, 5, 0, -212, 54, 431
458308084, 2, -11, -1005, 2, 5, 0, -211, 55, 431
458428508, -2, -11, -1005, 2, 5, 0, -211, 54, 431
458548166, -4, -12, -1005, 4, 5, 0, -210, 54, 431
458668220, -1, -12, -1003, 2, 5, 0, -212, 54, 431
458788217, -3, -8, -1005, 3, 5, 0, -211, 55, 432
458908087, 0, -11, -1002, 3, 6, 0, -212, 55, 432
459028221, -1, -14, -1001, 1, 5, 0, -212, 54, 432
459148107, -2, -11, -1005, 4, 6, 0, -211, 55, 431
459268330, -4, -9, -1002, 3, 4, 0, -212, 55, 432
459388162, 0, -12, -1002, 2, 5, 0, -211, 54, 431
459508101, 0, -11, -1005, 3, 5, 0, -213, 54, 431
459628171, 0, -11, -1001, 3, 5, 0, -212, 55, 431
459748153, -4, -10, -1002, 3, 4, 0, -211, 55, 431
459868143, 0, -9, -1003, 2, 5, 0, -212, 55, 432
459988840, 1, -11, -1006, 2, 4, 0, -212, 55, 431
460108199, -6, -11, -1005, 2, 3, 0, -212, 55, 430
460228306, -3, -9, -1004, 3, 6, 0, -212, 54, 432
460348289, -1, -9, -1005, 2, 6, 0, -210, 55, 431
460468098, 0, -13, -1002, 2, 5, 0, -211, 54, 431
460588168, 1, -7, -1002, 4, 4, 0, -210, 53, 431
460708075, -2, -10, -1003, 3, 5, 0, -210, 54, 432
460828215, 0, -10, -1008, 3, 5, 0, -211, 54, 431
460948162, -3, -8, -1009, 3, 4, 0, -212, 54, 431
461068086, -6, -14, -1000, 2, 4, 0, -213, 55, 430
461188219, -1, -16, -1003, 3, 5, 0, -211, 55, 432
461308180, -1, -11, -1005, 3, 5, 0, -211, 55, 432
461428289, -6, -12, -1007, 5, 3, 0, -212, 55, 431
461548103, 3, -12, -1000, 4, 6, 1, -211, 55, 431
461668100, 2, -11, -1004, 2, 5, 0, -211, 54, 431
461788170, 4, -10, -999, 1, 4, 0, -211, 56, 431
461908172, 0, -9, -1000, 4, 4, 0, -213, 54, 431
462028251, 0, -9, -1002, 3, 5, 0, -211, 56, 432
462148374, 4, -10, -1000, 2, 5, 0, -212, 53, 430
462268131, 3, -13, -999, 3, 5, 0, -212, 56, 431
462388235, 0, -11, -1002, 1, 4, 0, -212, 55, 432
462508296, 0, -15, -1001, 2, 4, 0, -211, 55, 431
462628070, 3, -10, -1005, 3, 5, 0, -210, 54, 432
462748097, -2, -11, -1006, 2, 5, 0, -210, 55, 431
462868129, 0, -12, -1003, 2, 5, 0, -212, 55, 431
462988326, 3, -6, -1000, 3, 5, 0, -212, 54, 429
463108741, 2, -10, -1001, 1, 4, 0, -212, 54, 431
463228099, -1, -10, -1001, 3, 4, 0, -212, 55, 432
463348408, 3, -11, -999, 3, 5, 0, -210, 54, 430
463468086, 3, -13, -1001, 2, 5, 0, -211, 54, 431
463588293, 0, -12, -1002, 3, 5, 0, -210, 54, 430
463708064, 2, -10, -1000, 2, 5, 1, -211, 55, 432
463828899, 0, -12, -1002, 2, 6, 1, -212, 56, 430
463948084, 1, -13, -1002, 3, 5, 1, -213, 55, 431
464068291, 3, -10, -997, 3, 5, 0, -211, 55, 430
464188678, 5, -11, -1000, 1, 5, 0, -212, 53, 431
464308104, 4, -9, -1000, 2, 5, 1, -211, 54, 431
464428091, 5, -11, -1001, 2, 5, 0, -211, 54, 432
464548153, 4, -13, -1001, 1, 5, 0, -212, 54, 430
464668289, 4, -11, -1001, 3, 4, 0, -212, 55, 430
464788083, 2, -12, -1000, 2, 4, 0, -210, 55, 431
464908145, -1, -11, -1007, 3, 5, 0, -211, 54, 430
465028370, 0, -10, -1005, 4, 5, 0, -210, 55, 430
465148146, 3, -11, -1001, 1, 5, 0, -210, 55, 430
465268172, 4, -12, -995, 3, 5, 0, -211, 54, 430
465388305, 7, -10, -999, 3, 5, 0, -210, 55, 431
465508071, 3, -11, -997, 2, 4, 0, -210, 53, 431
465628153, 7, -11, -997, 2, 5, 1, -212, 54, 432
465748133, 6, -12, -999, 2, 5, 0, -209, 54, 431
465868190, 4, -11, -998, 1, 4, 0, -211, 54, 431
465988069, -2, -18, -1003, 3, 4, 1, -211, 54, 431
466108070, 10, -5, -1003, 5, 5, 0, -211, 55, 432
466228215, -3, -12, -1001, 4, 5, 0, -211, 54, 431
466348071, 0, -14, -998, 3, 5, -2, -212, 54, 432
466468803, 4, -1, -1001, 2, 3, 1, -212, 54, 431
466588071, -1, -15, -998, 1, 6, 1, -209, 55, 431
466708192, 7, -16, -1000, 4, 4, 1, -210, 54, 431
466828159, 0, -9, -1001, 3, 5, 0, -210, 54, 431
466948309, -2, -16, -1002, 3, 6, 0, -209, 55, 430
467068253, 10, -9, -1003, 2, 3, 0, -212, 55, 432
467188071, 0, -13, -1004, 2, 3, 1, -210, 55, 431
467308280, 1, -13, -1001, 4, 6, 0, -210, 52, 432
467428069, 7, -10, -1002, 4, 5, 0, -213, 54, 431
467548474, -1, -12, -1000, 2, 4, 0, -210, 53, 431
467668188, 1, -13, -1001, 3, 5, 0, -211, 54, 433
467788060, 5, -11, -999, 3, 6, 0, -212, 55, 431
467908177, 0, -12, -1002, 2, 4, 0, -212, 54, 431
468028194, 3, -9, -1000, 2, 5, 0, -211, 55, 430
468148102, 0, -12, -1001, 2, 5, 0, -210, 54, 431
468268291, -1, -12, -998, 2, 4, 0, -210, 53, 431
468388738, 5, -11, -998, 2, 5, 0, -211, 55, 431
468508145, 3, -10, -999, 3, 5, 0, -210, 55, 431
468628495, -4, -12, -1000, 3, 4, 0, -211, 55, 431
468748149, 0, -11, -1003, 3, 5, 0, -211, 55, 431
468868235, 2, -10, -1002, 3, 4, 0, -213, 55, 432
468988223, 0, -15, -1001, 2, 5, 0, -211, 54, 430
469108130, 1, -11, -1002, 4, 5, 1, -211, 55, 432
469228249, 1, -11, -1002, 2, 3, 0, -211, 54, 431
469348235, 0, -11, -998, 3, 5, 0, -210, 54, 431
469468145, 3, -10, -1002, 2, 4, 0, -214, 56, 431
469588228, 0, -10, -1004, 2, 4, 0, -212, 54, 432
469708098, 0, -10, -1003, 2, 5, 0, -211, 55, 431
469828084, 2, -13, -1004, 2, 6, 0, -212, 55, 431
469948179, 6, -10, -998, 2, 4, 0, -212, 55, 431
470068169, 6, -14, -1000, 1, 5, 0, -213, 54, 431
470188174, 5, -12, -999, 3, 4, 0, -212, 55, 431
470308085, 10, -12, -997, 2, 5, 0, -212, 55, 431
470428139, 6, -15, -999, 1, 4, 0, -211, 55, 431
470548211, 3, -13, -1002, 3, 4, 0, -210, 54, 430
470668696, 4, -11, -999, 2, 4, 0, -212, 55, 432
470788267, 6, -13, -998, 2, 4, 0, -211, 55, 430
470908076, 7, -13, -999, 2, 5, 0, -211, 54, 432
471028321, 5, -12, -999, 1, 5, 0, -211, 55, 432
471148211, 1, -13, -1000, 2, 5, 0, -212, 54, 431
471268167, 2, -12, -1005, 3, 5, 0, -211, 54, 431
471388084, 3, -12, -1000, 2, 5, 0, -211, 53, 431
471508173, 1, -14, -1003, 2, 5, 0, -211, 54, 431
471628198, 2, -11, -1006, 3, 6, 0, -211, 55, 430
471748086, 3, -11, -1000, 2, 5, 0, -211, 53, 431
471868246, 0, -12, -1000, 2, 4, 0, -213, 55, 432
471988083, 0, -13, -1006, 2, 6, 1, -211, 53, 431
472108146, 3, -12, -1002, 2, 5, 0, -212, 55, 431
472228169, 5, -11, -1003, 2, 5, 0, -213, 56, 431
472348087, 0, -11, -1007, 3, 5, 0, -213, 54, 431
472468179, 1, -14, -1003, 1, 5, 0, -212, 54, 431
472588199, 3, -12, -1003, 4, 4, 0, -211, 55, 431
472708245, 4, -13, -999, 1, 5, 1, -212, 54, 432
472828333, 5, -14, -999, 1, 4, 0, -210, 53, 431
472948250, 4, -12, -1000, 4, 5, 0, -209, 55, 431
473068347, 3, -11, -999, 1, 5, 0, -211, 54, 431
473188138, 4, -16, -1001, 3, 4, 0, -210, 54, 431
473308086, 6, -12, -1001, 2, 5, 0, -211, 56, 431
473428083, 5, -15, -1001, 3, 5, 0, -211, 56, 432
473548508, 0, -11, -1003, 3, 3, 0, -212, 54, 431
473668087, 1, -10, -1004, 1, 4, 1, -212, 55, 431
473788203, -2, -14, -1004, 2, 6, 1, -211, 54, 430
473908098, 0, -14, -1004, 4, 5, 0, -212, 54, 431
474028851, -2, -8, -1002, 4, 5, 0, -211, 55, 431
474148235, -2, -11, -1007, 2, 6, 0, -211, 52, 431
474268214, -3, -11, -1004, 4, 4, 0, -211, 55, 432
474388128, 0, -12, -1001, 3, 6, 0, -211, 53, 431
474508104, 0, -12, -1003, 3, 5, 0, -212, 54, 431
474628079, 0, -11, -1006, 3, 4, 0, -211, 54, 431
474748301, 10, -10, -1000, 2, 5, 0, -212, 54, 431
474868072, 7, -15, -995, 3, 4, 0, -212, 54, 432
474988377, 9, -14, -998, 4, 5, 0, -211, 55, 432
475108269, 9, -12, -996, 3, 5, 0, -211, 54, 431
475228293, 5, -14, -998, 2, 5, 0, -212, 55, 432
475348220, 4, -14, -996, 3, 5, 0, -211, 54, 431
475468085, 10, -13, -994, 2, 4, 0, -211, 55, 431
475588191, 10, -10, -1001, 1, 4, 0, -211, 54, 432
475708115, 4, -14, -999, 3, 5, 0, -211, 54, 431
475828228, 5, -10, -998, 2, 4, 0, -211, 56, 431
475948335, 5, -12, -998, 1, 4, 0, -210, 55, 431
476068159, 6, -12, -1004, 4, 4, 0, -212, 53, 432
476188241, 3, -10, -1001, 3, 5, 0, -212, 54, 430
476308294, 1, -12, -996, 2, 5, 0, -212, 54, 431
476428286, 3, -13, -1002, 3, 4, 0, -212, 54, 432
476548070, 3, -10, -998, 2, 4, 0, -210, 54, 430
476668156, 6, -10, -999, 4, 5, 0, -211, 54, 431
476788086, 1, -15, -1001, 3, 6, 0, -212, 55, 431
476908136, 7, -8, -1000, 3, 5, 0, -212, 54, 432
477028280, 4, -11, -1002, 3, 4, 0, -210, 55, 432
477148085, -1, -11, -1005, 3, 5, 0, -211, 54, 432
477268085, 3, -12, -1004, 2, 5, 0, -211, 55, 431
477388086, 2, -10, -1001, 4, 4, 0, -210, 55, 432
477508226, 2, -9, -1005, 3, 6, 0, -210, 55, 431
477628224, 4, -15, -1000, 2, 6, 0, -211, 54, 432
477748419, 7, -8, -1002, 3, 4, 0, -210, 54, 430
477868146, 0, -14, -1004, 3, 6, 0, -211, 54, 431
477988092, 6, -17, -999, 3, 5, 0, -208, 55, 430
478108683, 6, -8, -1002, 4, 5, 0, -211, 54, 432
478228191, 2, -13, -1002, 2, 6, 0, -212, 54, 431
478348083, 6, -14, -1002, 2, 5, 0, -210, 54, 432
478468070, 8, -10, -994, 3, 4, 0, -211, 55, 430
478588260, 3, -13, -999, 3, 6, 0, -210, 55, 432
478708313, 6, -13, -999, 3, 6, 0, -211, 56, 431
478828229, 6, -12, -999, 3, 5, 0, -211, 55, 432
478948070, 3, -11, -999, 2, 5, 0, -211, 54, 431
479068069, 1, -14, -1000, 1, 5, 1, -211, 54, 430
479188160, 4, -10, -998, 3, 3, 0, -211, 54, 430
479308169, -4, -13, -1002, 2, 4, 0, -210, 54, 432
479428180, 4, -9, -1006, 3, 6, 0, -212, 54, 431
479548111, 5, -10, -998, 2, 5, 0, -213, 55, 430
479668208, -2, -10, -999, 3, 3, 0, -210, 55, 432
479788274, 7, -12, -1002, 5, 7, -1, -211, 54, 432
479908225, 7, -10, -998, 2, 5, -1, -211, 55, 432
480028289, 3, -12, -1000, 1, 4, 0, -213, 55, 432
480148906, 1, -12, -999, 5, 5, 0, -211, 55, 431
480268153, 6, -11, -999, 2, 5, 0, -211, 55, 431
480388126, 4, -11, -1002, 2, 5, 0, -212, 55, 431
480508172, -2, -14, -1001, 4, 6, 0, -211, 54, 431
480628493, 1, -10, -1004, 6, 8, 1, -211, 53, 432
480748265, 6, -9, -1004, 4, 5, 0, -211, 53, 431
480868106, 1, -17, -1004, 3, 5, 0, -209, 55, 431
480988262, 0, -12, -1005, 3, 5, 0, -208, 54, 430
481108090, 3, -12, -1006, 4, 5, 0, -212, 55, 430
481228074, 4, -10, -1004, 3, 4, 0, -212, 55, 432
481348376, 2, -13, -999, 2, 6, 0, -211, 54, 432
481468092, 9, -12, -995, 4, 6, 0, -210, 54, 432
481588476, 1, -11, -1003, 3, 4, 0, -210, 54, 431
481708073, 5, -13, -998, 3, 5, 0, -211, 54, 432
481828734, 3, -11, -1000, 4, 5, 0, -212, 55, 431
481948185, 0, -17, -999, 2, 6, 0, -212, 54, 432
482068144, 5, -15, -1005, 5, 6, 1, -211, 54, 432
482188177, 8, -9, -1003, 3, 5, 0, -210, 54, 431
482308073, -3, -13, -1001, 4, 7, 0, -213, 56, 430
482428201, 5, -11, -1002, 6, 6, 0, -211, 53, 431
482548194, 3, -8, -1000, 3, 4, 0, -210, 54, 431
482668075, 0, -12, -1002, 1, 5, 0, -212, 54, 431
482788679, 1, -9, -1003, 1, 5, 0, -210, 54, 431
482908337, 1, -11, -998, 3, 5, 0, -213, 55, 432
483028126, 3, -7, -995, 2, 5, 1, -211, 55, 431
483148112, 1, -13, -1002, 3, 5, 0, -211, 55, 431
483268172, 1, -9, -1001, 3, 6, 0, -211, 55, 431
483388190, 6, -16, -1002, 3, 5, 0, -211, 54, 431
483508161, 0, -11, -1008, 3, 4, 0, -212, 54, 431
483628190, 4, -10, -1003, 2, 5, 0, -212, 54, 431
483748149, 3, -11, -1004, 3, 5, 0, -210, 55, 431
483868167, 1, -11, -1005, 4, 5, 0, -212, 55, 431
483988229, 2, -12, -1000, 4, 5, 0, -211, 54, 431
484108089, 1, -11, -1003, 3, 5, 0, -212, 54, 431
484228169, 1, -10, -1006, 2, 5, 0, -211, 55, 431
484348089, 1, -15, -1004, 3, 5, 1, -211, 55, 431
484468236, 5, -11, -1002, 4, 6, 0, -212, 56, 431
484588249, 12, -11, -1000, 4, 5, 0, -209, 54, 432
484708098, 0, -11, -1002, 2, 3, 0, -212, 54, 432
484828094, 0, -14, -1001, 2, 8, 0, -211, 55, 432
484948419, 4, -12, -1005, 3, 5, 0, -211, 55, 431
485068241, 1, -13, -1006, 4, 5, 0, -212, 54, 432
485188119, 2, -14, -998, 2, 5, 0, -212, 55, 430
485308327, 2, -14, -998, 4, 7, 0, -210, 54, 431
485428149, 4, -11, -1000, 4, 5, 0, -211, 54, 433
485548202, 2, -12, -1003, 4, 6, 1, -211, 53, 432
485668281, 3, -11, -1003, 4, 7, 0, -212, 53, 432
485788095, 5, -9, -1006, 3, 6, 0, -210, 55, 431
485908224, 0, -16, -1000, 3, 5, 0, -212, 55, 432
486028111, 5, -10, -1004, 4, 6, 0, -211, 54, 431
486148242, 2, -11, -1004, 1, 5, 0, -211, 55, 431
486268195, 1, -16, -1004, 3, 6, 0, -212, 55, 432
486388074, 4, -12, -1010, 5, 5, 0, -211, 55, 431
486508192, 1, -12, -1002, 3, 5, 0, -213, 55, 431
486628089, 7, -14, -1003, 3, 5, 1, -211, 54, 432
486748209, 6, -14, -999, 3, 6, 0, -211, 54, 431
486868335, 7, -11, -1001, 3, 5, 0, -210, 55, 432
486988134, 0, -13, -1001, 4, 5, 0, -211, 55, 431
487108211, 9, -10, -999, 3, 6, 0, -212, 54, 431
487228200, 7, -12, -1000, 2, 5, 0, -212, 55, 431
487348969, 6, -13, -1000, 3, 6, 0, -212, 55, 431
487468228, 7, -10, -997, 3, 6, 0, -212, 54, 431
487588075, 3, -13, -1000, 2, 5, 0, -210, 55, 431
487708312, -1, -9, -1004, 3, 6, 0, -211, 54, 431
487828194, 0, -12, -1008, 3, 4, 0, -213, 53, 431
487948294, -9, -11, -1006, 3, 6, 0, -211, 55, 431
488068278, -2, -11, -1006, 5, 7, 0, -211, 54, 432
488188091, 1, -9, -1002, 3, 4, 0, -211, 55, 431
488308298, -1, -14, -1006, 3, 5, 0, -212, 55, 431
488428682, 2, -12, -1009, 4, 6, 0, -211, 54, 431
488548095, 2, -10, -1003, 4, 6, 0, -211, 55, 431
488668111, 6, -14, -1002, 3, 6, 0, -211, 54, 431
488788230, 9, -13, -1002, 5, 6, 1, -211, 53, 430
488908650, 4, -11, -999, 4, 6, 0, -213, 53, 431
489028212, 5, -10, -999, 3, 6, 0, -211, 55, 431
489148089, 6, -13, -1006, 3, 7, 0, -212, 54, 431
489268074, 4, -11, -1001, 5, 5, 1, -212, 55, 432
489388250, 7, -7, -999, 3, 5, 0, -212, 54, 431
489508831, 4, -15, -997, 3, 6, 0, -212, 54, 432
489628103, 5, -11, -997, 2, 4, 0, -209, 54, 430
489748090, 4, -12, -998, 3, 7, 0, -209, 55, 430
489868178, -4, -9, -1000, 4, 7, 0, -209, 53, 431
489988255, 13, -8, -998, 3, 6, 0, -211, 55, 430
490108652, 1, -12, -998, 3, 6, 0, -210, 54, 431
490228091, 8, -9, -996, 3, 7, 0, -212, 54, 431
490348089, 9, -10, -1000, 2, 5, 1, -211, 54, 431
490468245, 2, -12, -999, 4, 6, 0, -211, 54, 433
490588286, 1, -13, -1000, 3, 5, 0, -211, 54, 433
490708175, 5, -7, -1001, 3, 5, 0, -212, 56, 432
490828074, 1, -17, -1002, 3, 5, 0, -212, 55, 432
490948237, 3, -7, -1004, 3, 5, 0, -211, 54, 432
491068216, 1, -15, -1002, 3, 5, 0, -212, 55, 431
491188122, 0, -11, -1004, 5, 5, 0, -211, 55, 431
491308096, -1, -5, -1005, 3, 5, 0, -211, 55, 431
491428100, 0, -13, -1006, 3, 6, 0, -210, 54, 431
491548328, 0, -12, -1005, 3, 6, 0, -210, 54, 431
491668153, -1, -15, -1009, 2, 6, 1, -212, 55, 430
491788089, 1, -14, -1004, 2, 5, 0, -211, 55, 430
491908193, 0, -10, -1004, 3, 5, 0, -212, 55, 431
492028292, -4, -11, -1008, 4, 5, -1, -212, 55, 430
492148232, 2, -12, -1008, 4, 5, 0, -211, 54, 431
492268175, 0, -9, -1003, 3, 6, 0, -212, 54, 432
492388420, -2, -14, -1002, 3, 5, 0, -210, 54, 431
492508195, 2, -13, -1003, 4, 5, 0, -213, 55, 432
492628073, 7, -8, -1001, 3, 6, 0, -211, 55, 431
492748180, 1, -13, -1003, 2, 5, 0, -210, 55, 430
492868089, 1, -12, -1007, 2, 6, 0, -210, 54, 431
492988186, 13, -11, -1008, 1, 5, -1, -209, 54, 430
493108241, 1, -12, -1005, 4, 3, 0, -211, 55, 431
493228133, -3, -11, -1006, 4, 7, 0, -212, 55, 432
493348226, 8, -13, -1005, 3, 6, 0, -210, 55, 431
493468281, -1, -13, -1007, 3, 3, 0, -212, 54, 433
493588189, -5, -13, -1004, 3, 5, 0, -210, 55, 432
493708074, 14, -12, -1003, 0, 4, 0, -212, 54, 431
493828230, 0, -15, -1002, 2, 4, 0, -212, 55, 431
493948103, -1, -10, -1005, 3, 7, 0, -212, 54, 431
494068155, 0, -16, -1002, 2, 6, 1, -211, 53, 432
494188661, 2, -11, -1003, 2, 4, 0, -210, 54, 431
494308093, -3, -12, -1004, 1, 5, 0, -212, 54, 432
494428229, 0, -18, -1003, 2, 5, 0, -213, 54, 432
494548090, 1, -8, -1006, 4, 5, -1, -210, 54, 431
494668409, -1, -8, -1006, 4, 7, 0, -211, 54, 431
494788134, 3, -12, -1002, 2, 4, 0, -211, 55, 431
494908233, 1, -14, -997, 3, 5, 0, -211, 55, 431
495028204, 1, -11, -1004, 4, 6, 0, -211, 54, 432
495148176, 0, -12, -1005, 3, 5, 0, -209, 53, 430
495268975, 0, -13, -1006, 4, 6, 0, -212, 55, 432
495388166, 1, -12, -1003, 2, 5, 0, -211, 54, 431
495508188, 0, -13, -1001, 3, 6, -1, -211, 54, 431
495628151, 1, -11, -1004, 3, 6, 0, -210, 53, 432
495748212, 0, -14, -1008, 3, 5, 1, -210, 55, 431
495868176, -10, -7, -1004, 6, 10, 0, -211, 53, 431
495988164, 3, -15, -1004, 0, 5, 0, -212, 54, 431
496108125, 2, -15, -1005, 4, 4, 0, -210, 53, 432
496228150, 3, -8, -1004, 4, 6, 0, -211, 54, 431
496348188, 4, -14, -1001, 2, 5, 0, -212, 55, 430
496469208, 4, -13, -1001, 3, 4, 0, -212, 55, 432
496588139, 4, -10, -1004, 5, 6, 0, -211, 55, 431
496708088, 5, -15, -1003, 3, 6, 0, -211, 54, 431
496828214, 0, -11, -999, 3, 4, 0, -213, 55, 430
496948087, -1, -10, -1008, 3, 6, 0, -211, 55, 430
497068222, 2, -11, -1002, 3, 5, 0, -211, 54, 431
497188150, -2, -11, -999, 3, 4, 0, -210, 55, 431
497308169, -3, -10, -1006, 2, 6, 0, -212, 54, 431
497428285, 0, -13, -1002, 2, 5, 0, -212, 55, 431
497548214, -1, -10, -1004, 3, 3, 0, -211, 54, 430
497668091, 2, -11, -1002, 1, 5, 0, -212, 55, 431
497788150, 4, -14, -1003, 3, 5, 0, -211, 55, 432
497908169, 0, -11, -1000, 3, 6, 0, -210, 54, 432
498028892, -5, -6, -1004, 2, 7, 0, -212, 55, 432
498148160, 1, -16, -1007, 4, 6, 0, -210, 53, 431
498268148, 4, -8, -1001, 3, 3, 0, -210, 53, 432
498388128, 0, -12, -1003, 1, 6, 0, -211, 55, 432
498508185, 0, -14, -1005, 3, 6, 0, -212, 54, 431
498628850, 1, -6, -1000, 2, 4, 0, -211, 55, 430
498748117, 4, -10, -998, 3, 6, 0, -211, 53, 430
498868089, 1, -12, -1002, 4, 6, 0, -212, 53, 432
498988156, 1, -6, -1002, 4, 6, 0, -212, 54, 432
499108088, 0, -13, -1000, 3, 5, 0, -212, 54, 432
499228209, 0, -10, -1004, 3, 6, 0, -213, 55, 431
499348089, 0, -13, -1004, 2, 4, 0, -213, 55, 430
499468176, 2, -13, -1006, 3, 5, 0, -211, 54, 431
499588087, 1, -10, -1003, 3, 5, 0, -210, 55, 430
499708178, 1, -14, -1001, 1, 5, 0, -213, 55, 432
499828104, 5, -12, -998, 4, 4, 0, -212, 54, 432
499948201, 4, -10, -1001, 2, 6, 0, -211, 54, 432
500068180, 9, -11, -1000, 2, 6, 0, -211, 53, 431
500188076, 6, -12, -996, 4, 5, 0, -210, 55, 430
500308155, 6, -11, -998, 3, 5, 0, -211, 54, 431
500428090, 6, -12, -1003, 2, 6, 0, -211, 54, 431
500548114, 7, -12, -996, 3, 6, 0, -210, 54, 431
500668283, 6, -11, -998, 4, 5, 0, -213, 55, 430
500788226, 6, -14, -998, 3, 5, 0, -211, 55, 430
500908074, 1, -10, -1004, 3, 5, 0, -211, 53, 433
501028160, 0, -11, -1002, 2, 5, 0, -212, 55, 431
501148177, 4, -10, -1005, 4, 7, 0, -210, 55, 431
501268999, 0, -12, -1004, 4, 6, 0, -212, 55, 430
501388128, -1, -10, -1004, 3, 6, 0, -211, 54, 430
501508403, 3, -13, -1004, 3, 6, 0, -210, 55, 431
501628154, 4, -10, -1004, 6, 5, 0, -211, 54, 430
501748169, 2, -10, -1002, 1, 5, 0, -210, 53, 431
501868174, -3, -12, -989, 1, 6, 0, -210, 54, 431
501988234, -4, -15, -1000, 2, 4, 0, -209, 54, 430
502108091, 6, -11, -1001, 5, 5, 0, -212, 54, 431
502228170, 8, -5, -1000, 4, 4, 0, -212, 55, 431
502348227, 3, -12, -1000, 0, 6, 0, -211, 55, 430
502468258, 10, -16, -1001, 1, 7, 0, -210, 55, 432
502588242, 8, -14, -1004, 5, 4, 0, -213, 55, 431
502708284, 4, -9, -995, 4, 4, 0, -212, 54, 431
502828074, 8, -14, -999, 1, 7, 0, -211, 55, 430
502948231, 6, -13, -1003, 3, 6, 1, -212, 53, 430
503068091, 0, -13, -999, 3, 5, 0, -212, 54, 431
503188376, 8, -9, -999, 4, 4, 0, -211, 54, 431
503308074, 8, -10, -1001, 4, 5, 0, -210, 54, 431
503428237, 8, -15, -1000, 2, 5, 0, -212, 55, 432
503548109, 3, -13, -1001, 3, 5, 0, -210, 55, 431
503668080, 1, -9, -1002, 4, 5, -1, -212, 54, 431
503788208, 2, -12, -1000, 3, 4, 0, -212, 54, 431
503908082, 2, -10, -1003, 2, 4, 0, -211, 55, 431
504028183, 1, -14, -1002, 3, 6, 0, -211, 55, 431
504148090, 4, -13, -1002, 2, 5, 0, -210, 54, 432
504268185, 1, -11, -1002, 3, 5, 0, -212, 54, 431
504388234, 1, -12, -1003, 4, 5, 0, -211, 54, 432
504508171, 2, -12, -1000, 3, 5, 0, -210, 53, 430
504628296, 0, -12, -1001, 3, 5, 0, -214, 54, 431
504748134, -1, -10, -1004, 5, 5, 0, -209, 54, 432
504868177, 2, -12, -1000, 3, 5, 0, -210, 55, 431
504988307, 2, -10, -999, 4, 5, 0, -212, 55, 432
505108168, 4, -11, -1002, 3, 6, 0, -213, 55, 431
505228178, 7, -12, -997, 3, 5, 0, -211, 55, 430
505348113, 1, -12, -999, 3, 4, 0, -211, 54, 431
505468229, 2, -12, -1001, 2, 6, 0, -213, 55, 432
505588216, 4, -15, -1002, 2, 4, 0, -212, 55, 431
505708149, 1, -11, -999, 4, 5, 0, -211, 55, 431
505828090, 7, -11, -1000, 1, 5, 0, -212, 54, 432
505948177, 6, -18, -1005, 3, 5, 0, -211, 54, 430
506068086, 5, -13, -997, 3, 5, 1, -211, 54, 431
506188164, 6, -13, -999, 1, 5, 0, -212, 54, 430
506308092, 2, -11, -1000, 2, 3, 0, -212, 55, 431
506428186, 0, -10, -1001, 2, 4, 0, -213, 55, 431
506548929, 3, -10, -1000, 2, 6, 0, -210, 54, 431
506668171, 4, -14, -1003, 3, 6, 0, -211, 55, 431
506788074, 0, -11, -999, 4, 5, 0, -211, 53, 431
506908089, 1, -12, -1000, 2, 5, 0, -210, 54, 430
507028356, 0, -10, -1005, 3, 5, 1, -213, 56, 432
507148157, -2, -10, -999, 3, 6, 1, -211, 55, 432
507268090, 0, -12, -1000, 3, 7, 0, -211, 55, 431
507388089, 0, -10, -1005, 5, 5, 0, -209, 54, 431
507508185, 1, -9, -1002, 1, 4, 0, -212, 55, 431
507628241, 0, -12, -1000, 2, 5, 0, -211, 53, 431
507748159, 1, -11, -1003, 4, 6, 0, -210, 55, 430
507868089, 0, -9, -998, 3, 6, 0, -210, 55, 431
507988149, 2, -13, -998, 4, 4, 0, -209, 53, 431
508108708, 2, -12, -999, 5, 5, 0, -211, 55, 431
508228172, 4, -11, -998, 3, 5, 1, -211, 55, 432
508348165, 7, -7, -999, 2, 5, 0, -213, 55, 431
508468088, 1, -14, -1002, 3, 6, 0, -211, 54, 432
508588224, 5, -12, -999, 1, 3, 0, -211, 54, 431
508708075, -3, -11, -1007, 2, 5, 0, -213, 54, 431
508828223, -2, -10, -1006, 4, 6, 0, -213, 54, 431
508948137, 0, -10, -1003, 2, 5, 0, -210, 55, 431
509068089, 3, -12, -1004, 2, 5, 0, -212, 55, 432
509188719, -1, -8, -1003, 4, 5, 0, -211, 54, 431
509308319, 2, -11, -1004, 3, 6, 1, -214, 56, 431
509428172, 0, -11, -1003, 4, 5, 1, -212, 54, 432
509548113, -2, -9, -1005, 3, 7, 0, -212, 55, 431
509668167, 3, -13, -1002, 3, 6, 0, -210, 54, 432
509788180, 1, -10, -1003, 4, 5, 0, -211, 54, 430
509908233, 0, -10, -1003, 3, 6, -1, -213, 55, 432
510028104, 0, -15, -1005, 3, 6, 0, -210, 54, 430
510148248, 1, -11, -1003, 4, 6, 0, -212, 55, 431
510268747, 0, -9, -1004, 4, 6, 0, -213, 55, 431
510388144, -1, -10, -1005, 4, 6, 0, -210, 54, 431
510508148, 4, -13, -1005, 4, 5, 0, -211, 55, 431
510628176, 4, -11, -1000, 3, 6, 1, -213, 55, 432
510748932, 7, -13, -1000, 3, 6, 0, -211, 54, 431
510868150, 7, -14, -1000, 5, 6, 0, -212, 54, 431
510988237, 1, -11, -1001, 2, 5, 0, -211, 55, 431
511108089, 4, -12, -1002, 4, 6, 0, -211, 55, 431
511228171, 4, -13, -1000, 3, 5, 0, -213, 56, 431
511348075, 3, -14, -1004, 4, 6, 0, -210, 54, 431
511468173, 2, -12, -1004, 5, 5, 0, -212, 54, 433
511588090, 4, -10, -1001, 2, 5, 0, -210, 54, 432
511708073, 0, -14, -1007, 2, 4, 0, -211, 56, 431
511828168, -1, -11, -1007, 5, 6, 0, -210, 55, 431
511948093, 0, -10, -1005, 3, 6, 0, -210, 53, 431
512068286, -1, -10, -1007, 3, 7, 1, -211, 54, 431
512188106, -1, -13, -1006, 5, 5, 0, -210, 54, 431
512308100, 1, -12, -1004, 5, 6, 0, -211, 56, 431
512428286, 0, -10, -1006, 3, 6, 0, -210, 55, 431
512548544, 0, -14, -1007, 3, 6, 0, -210, 53, 431
512668149, 0, -13, -1004, 4, 5, 0, -212, 55, 430
512788090, 0, -15, -1006, 3, 6, 1, -211, 54, 431
512908321, 4, -12, -1004, 3, 5, 0, -211, 54, 431
513028108, 5, -10, -1002, 3, 6, 0, -211, 55, 431
513148144, 5, -13, -1003, 4, 6, 0, -211, 53, 431
513268088, 0, -12, -1007, 4, 5, 0, -211, 54, 431
513388172, -2, -13, -1004, 2, 6, 0, -210, 55, 431
513508349, 3, -14, -1002, 4, 6, 0, -212, 55, 431
513628230, 2, -12, -1004, 4, 6, 0, -210, 55, 431
513748073, 2, -12, -1000, 2, 6, 0, -210, 53, 431
513868230, 4, -11, -1002, 3, 5, 0, -211, 55, 432
513988723, 5, -13, -1003, 3, 7, 0, -211, 55, 430
514108088, 8, -11, -1001, 3, 5, 1, -209, 54, 431
514228146, 5, -14, -998, 2, 5, 0, -211, 54, 431
514348172, 2, -11, -1001, 3, 6, 0, -210, 55, 430
514468177, 1, -14, -1000, 1, 5, 0, -212, 56, 431
514588150, 0, -13, -1004, 4, 4, 0, -211, 54, 431
514708396, 1, -13, -1002, 3, 5, 0, -211, 54, 432
514828436, 1, -13, -1005, 3, 5, 0, -211, 55, 430
514948211, 0, -14, -1000, 3, 6, 0, -213, 55, 430
515068192, 3, -13, -1001, 3, 5, 0, -212, 55, 431
515188084, 9, -12, -998, 4, 5, 0, -211, 55, 431
515308236, 5, -11, -995, 3, 5, 0, -210, 55, 430
515428100, 5, -14, -1000, 2, 5, 0, -210, 54, 431
515548156, 11, -13, -995, 3, 4, 0, -210, 54, 431
515668089, 6, -11, -995, 3, 6, 0, -212, 55, 431
515788163, 7, -10, -998, 2, 5, 0, -210, 53, 432
515908331, 9, -13, -997, 3, 5, 0, -211, 55, 431
516028207, 9, -12, -993, 2, 5, 0, -212, 55, 431
516148162, 7, -11, -997, 2, 4, 0, -211, 56, 431
516268091, 4, -11, -1002, 3, 5, 0, -211, 55, 431
516388128, 5, -12, -1004, 3, 6, 0, -210, 54, 431
516508232, 1, -12, -1003, 3, 5, 0, -212, 54, 432
516628222, 0, -11, -1007, 3, 6, 0, -212, 53, 431
516748078, 0, -10, -1001, 3, 5, 1, -211, 54, 431
516868502, 1, -12, -1001, 4, 5, 0, -212, 55, 431
516988089, 1, -11, -1006, 3, 6, 0, -211, 54, 430
517108264, 2, -13, -999, 3, 6, 0, -211, 55, 431
517228074, 4, -13, -999, 4, 5, 0, -212, 54, 432
517348090, 7, -11, -1000, 3, 6, 0, -210, 54, 431
517468166, 6, -14, -998, 4, 5, 0, -212, 55, 430
517588107, 6, -14, -999, 3, 6, -1, -211, 54, 432
517708220, 9, -12, -999, 2, 6, 0, -212, 55, 431
517828108, 4, -13, -1000, 3, 5, -1, -212, 55, 431
517948295, 3, -14, -1001, 2, 6, 0, -213, 54, 431
518068150, 6, -13, -1001, 2, 5, 0, -211, 54, 432
518188202, 4, -14, -1000, 2, 4, 0, -210, 55, 431
518308238, 4, -14, -1001, 2, 5, 0, -212, 55, 431
518428087, 4, -14, -1001, 2, 6, 1, -213, 54, 431
518548163, 2, -10, -1005, 4, 6, 0, -212, 55, 430
518668246, 7, -14, -1004, 3, 5, 1, -211, 55, 432
518788169, 5, -14, -1002, 3, 6, 0, -211, 55, 432
518908147, 3, -11, -1002, 3, 6, 1, -212, 55, 431
519028279, 5, -13, -1000, 2, 6, 0, -211, 54, 431
519148126, 6, -11, -1001, 3, 7, 0, -211, 54, 431
519268373, 2, -14, -1005, 2, 5, 0, -212, 54, 432
519388091, 2, -12, -1002, 4, 5, 0, -213, 55, 430
519508095, 5, -11, -1003, 5, 6, 0, -212, 55, 431
519628159, 3, -10, -1006, 3, 6, 0, -212, 56, 430
519748200, 2, -13, -1001, 2, 6, 0, -212, 54, 431
519868339, 6, -11, -999, 4, 6, 0, -211, 54, 431
519988820, 4, -12, -1005, 2, 6, 0, -208, 53, 431
520108089, 4, -15, -1000, 3, 6, 0, -212, 54, 431
520228383, 5, -13, -999, 4, 8, 0, -211, 55, 430
520348199, 3, -12, -1002, 3, 5, 0, -211, 55, 431
520468253, -1, -19, -1006, 2, 5, 1, -212, 54, 430
520588222, 5, -6, -1004, 4, 4, 0, -210, 54, 431
520708220, 12, -8, -1010, 0, 4, 0, -211, 54, 431
520828307, -4, -21, -999, 2, 7, 0, -211, 53, 432
520948090, 5, -8, -996, 4, 5, 0, -212, 56, 431
521068252, 8, -7, -1003, 1, 5, 0, -212, 55, 432
521188068, -2, -18, -1001, 3, 7, 0, -211, 53, 431
521308183, 5, -5, -1002, 4, 5, 0, -213, 56, 432
521428688, 4, -11, -1002, 2, 5, 0, -212, 55, 432
521548104, 1, -14, -1001, 3, 6, 0, -212, 53, 431
521668188, 7, -7, -1001, 3, 6, 0, -212, 54, 432
521788067, 0, -16, -999, 2, 4, 0, -211, 55, 431
521908295, 5, -11, -1000, 3, 5, 0, -210, 54, 431
522028101, 3, -9, -997, 2, 7, 0, -212, 55, 431
522148158, -1, -17, -1001, 3, 6, 0, -212, 53, 430
522268069, 1, -8, -1005, 3, 5, 0, -211, 54, 430
522388326, -8, -7, -994, 6, 10, 0, -211, 55, 431
522508100, -6, -7, -988, 8, 4, -1, -211, 53, 432
522628093, 6, -5, -1002, 4, 9, 0, -213, 54, 431
522748089, -3, -5, -996, 1, 5, 2, -210, 54, 430
522868207, 0, -13, -997, 2, 7, 2, -213, 54, 430
522988289, 4, -9, -1002, 6, 5, 1, -211, 55, 431
523108107, 6, -9, -1001, 2, 6, 0, -212, 54, 431
523228143, 6, -16, -1003, 3, 6, 0, -212, 55, 432
523348099, 5, -12, -998, 4, 6, 0, -211, 55, 431
523468836, 6, -13, -999, 3, 6, -1, -212, 54, 431
523588099, 6, -13, -1000, 4, 4, 0, -210, 54, 431
523708090, 2, -15, -999, 3, 5, 0, -211, 54, 431
523828134, 4, -12, -1000, 3, 6, 0, -211, 54, 432
523948318, 3, -10, -1003, 2, 5, 0, -210, 55, 430
524068273, -2, -12, -1007, 3, 6, 2, -212, 54, 431
524188196, 1, -12, -1005, 2, 4, 0, -211, 54, 432
524308311, 1, -11, -1001, 3, 4, 0, -210, 55, 431
524428168, 2, -9, -1004, 3, 7, 0, -210, 55, 431
524548301, 4, -14, -1001, 1, 6, 0, -209, 54, 430
524668103, 1, -15, -999, 4, 6, 0, -210, 54, 431
524788091, 4, -9, -999, 3, 5, 0, -211, 55, 432
524908089, 0, -13, -1002, 3, 3, 0, -211, 54, 431
525028904, 3, -11, -1004, 3, 7, 0, -211, 54, 431
525148225, 6, -10, -1001, 2, 5, 0, -210, 55, 431
525268158, 1, -12, -1003, 3, 5, 0, -210, 54, 431
525388481, 8, -10, -1000, 3, 6, 0, -209, 54, 430
525508308, 4, -11, -1001, 2, 4, 0, -214, 55, 432
525628482, 2, -13, -1002, 3, 4, 1, -211, 56, 431
525748093, 8, -11, -1000, 3, 6, 0, -210, 54, 431
525868090, 3, -11, -1004, 2, 5, 0, -209, 54, 431
525988219, 2, -10, -999, 2, 4, 0, -211, 55, 431
526108233, 7, -11, -1002, 2, 5, -1, -212, 55, 431
526228251, -1, -17, -1006, 3, 5, 0, -209, 54, 430
526348287, -1, -11, -1005, 4, 5, 0, -209, 55, 431
526468150, 2, -6, -1004, 3, 5, 0, -210, 54, 431
526588342, -2, -16, -1004, 3, 5, 0, -209, 55, 431
526708094, 0, -11, -1008, 4, 5, 0, -209, 54, 430
526828180, 4, -7, -1004, 3, 5, 0, -211, 54, 430
526948148, -4, -16, -1006, 3, 7, 1, -210, 53, 431
527068233, -2, -8, -1007, 4, 6, 0, -212, 54, 431
527188266, 1, -9, -1002, 4, 6, 0, -211, 55, 431
527308214, 5, -16, -1001, 3, 6, 0, -211, 54, 431
527428151, 6, -10, -1003, 4, 5, 0, -211, 55, 431
527548134, 6, -8, -1000, 3, 7, 0, -210, 54, 431
527668291, 9, -14, -1004, 2, 5, 0, -212, 55, 432
527788088, -2, -19, -1004, 4, 5, 0, -211, 54, 431
527908089, 13, 0, -1000, 5, 3, 0, -212, 54, 431
528028173, -10, -21, -999, 2, 6, 0, -213, 55, 431
528148302, 4, -12, -1002, 3, 6, 0, -211, 55, 431
528268083, 12, -4, -1001, 2, 5, 1, -211, 55, 431
528388173, -1, -21, -1005, 3, 2, 2, -211, 55, 430
528508182, -2, -10, -1002, 4, 6, 1, -211, 55, 432
528628109, 9, -10, -999, 3, 6, 0, -211, 55, 431
528748256, 1, -17, -1003, 3, 5, 0, -212, 55, 431
528868096, 6, -7, -1000, 4, 6, -1, -210, 55, 432
528988072, 3, -14, -1000, 3, 6, 0, -211, 55, 431
529108089, 2, -14, -1001, 4, 6, 0, -212, 55, 431
529228249, 5, -8, -1004, 3, 5, 0, -213, 56, 431
529348235, 3, -14, -1001, 2, 5, 0, -210, 54, 430
529468425, 1, -13, -1003, 4, 6, 0, -212, 54, 431
529588089, 4, -7, -1003, 4, 5, 0, -210, 55, 431
529708073, 0, -11, -1002, 3, 5, 0, -212, 54, 431
529828229, 0, -9, -1004, 4, 6, 0, -212, 55, 432
529948747, 2, -10, -1005, 3, 4, 0, -211, 54, 432
530068158, 0, -10, -1003, 2, 5, 0, -212, 54, 431
530188115, 3, -14, -1002, 4, 6, 0, -210, 53, 432
530308298, 0, -10, -1005, 4, 5, 0, -213, 54, 431
530428260, -4, -11, -1001, 3, 5, 0, -212, 55, 431
530548367, -1, -11, -1006, 4, 6, 0, -211, 55, 431
530668089, 1, -9, -1010, 1, 5, 0, -211, 54, 430
530788074, 0, -14, -1002, 3, 5, 0, -211, 53, 432
530908233, -1, -9, -1003, 3, 5, 0, -211, 55, 431
531028412, 3, -12, -1004, 3, 5, 0, -211, 54, 431
531148091, 3, -12, -1005, 4, 5, 0, -212, 55, 430
531268149, 3, -15, -1001, 5, 5, 0, -211, 54, 432
531388134, 2, -11, -1005, 4, 6, 0, -210, 56, 430
531508251, 17, -18, -1012, 2, 12, 0, -210, 54, 431
531628073, 2, -14, -1006, 1, 7, 1, -213, 56, 430
531748088, -2, -7, -1005, 3, 6, 1, -212, 53, 432
531868168, -1, -18, -1007, 4, 7, 0, -211, 54, 432
531988935, 5, -12, -1002, 5, 5, 0, -212, 54, 431
532108261, 3, -4, -1000, 4, 5, 0, -212, 55, 431
532228072, -1, -19, -1004, 4, 7, 0, -211, 54, 431
532348119, 1, -14, -1000, 4, 6, 0, -209, 54, 430
532468322, 3, -9, -999, 2, 6, 0, -211, 55, 431
532588726, 0, -16, -1000, 4, 5, 0, -211, 54, 432
532708089, 8, -7, -1000, 4, 5, 0, -212, 56, 431
532828091, 9, -13, -996, 4, 5, 0, -212, 55, 432
532948090, 7, -17, -998, 4, 6, 0, -210, 55, 430
533068297, 12, -7, -996, 3, 5, 0, -211, 55, 431
533188494, 6, -13, -1000, 3, 5, 0, -211, 55, 431
533308154, 3, -15, -999, 2, 5, 0, -212, 55, 432
533428072, 7, -10, -998, 2, 6, 1, -212, 55, 430
533548234, 3, -12, -998, 3, 6, 0, -211, 55, 430
533668336, 2, -9, -1001, 4, 5, 0, -211, 55, 431
533788166, 4, -13, -999, 1, 5, 0, -209, 54, 432
533908091, 4, -13, -1002, 4, 5, 0, -212, 56, 430
534028138, 5, -8, -1002, 5, 5, 0, -211, 56, 431
534148241, 0, -10, -1004, 2, 7, 0, -210, 55, 432
534268252, 2, -11, -1004, 4, 5, 0, -210, 54, 431
534388088, 0, -10, -1003, 4, 7, 0, -210, 54, 431
534508391, 2, -10, -1003, 3, 5, 1, -210, 54, 431
534628293, 1, -14, -1003, 3, 5, 0, -210, 54, 431
534748132, 0, -12, -1004, 4, 5, 0, -210, 53, 431
534868100, 0, -10, -1006, 4, 6, 0, -213, 55, 431
534988090, 3, -12, -1002, 3, 5, 0, -211, 55, 431
535108249, -1, -10, -1003, 1, 6, 0, -211, 54, 432
535228224, 0, -12, -1002, 3, 5, 0, -211, 55, 430
535348196, 2, -10, -1006, 3, 6, 0, -211, 55, 431
535468149, 1, -7, -1005, 4, 5, 0, -213, 54, 431
535588221, -2, -10, -1001, 1, 6, 0, -213, 55, 430
535708236, 6, -13, -1002, 3, 7, 0, -212, 55, 430
535828157, 5, -13, -1001, 3, 6, 0, -209, 54, 431
535948189, 0, -14, -1003, 4, 7, 0, -209, 53, 430
536068180, 4, -10, -1004, 3, 6, 0, -212, 55, 431
536188168, 4, -13, -1003, 4, 4, 0, -210, 55, 431
536308215, 3, -11, -1000, 4, 6, 0, -212, 54, 431
536428305, 7, -10, -1001, 3, 6, 0, -211, 55, 431
536548251, 1, -13, -1002, 2, 6, 0, -211, 53, 431
536668160, 1, -12, -1004, 4, 5, 0, -210, 53, 432
536788307, 0, -10, -1004, 3, 5, 0, -210, 54, 430
536908168, 0, -10, -1000, 2, 4, 0, -210, 55, 431
537028102, -2, -12, -1002, 5, 5, 0, -210, 55, 432
537148112, 2, -9, -1004, 3, 6, 0, -211, 55, 430
537268839, 0, -17, -1007, 0, 2, 0, -213, 56, 431
537388178, 2, -20, -1004, 4, 5, 1, -212, 55, 430
537508102, 7, 0, -1003, 3, 6, 1, -212, 55, 431
537628124, -10, -24, -1000, 4, 6, 1, -212, 55, 431
537748801, 2, -9, -1004, 3, 4, 0, -211, 55, 430
537868302, 12, -4, -997, 0, 6, 0, -212, 55, 432
537988146, -7, -28, -1004, 2, 6, 0, -211, 54, 432
538108090, 9, -4, -1001, 6, 6, 0, -212, 54, 432
538228470, 4, -12, -994, 0, 4, 0, -212, 55, 431
538348426, -4, -20, -1001, 4, 5, 0, -212, 55, 430
538468177, 12, -2, -1000, 2, 6, 0, -211, 54, 432
538588150, 2, -12, -997, 1, 5, 0, -210, 55, 429
538708088, -1, -13, -1002, 4, 4, 0, -210, 55, 430
538828114, 2, -3, -1003, 2, 5, 0, -210, 54, 431
538948294, -1, -15, -1005, 1, 5, 0, -210, 54, 430
539068174, 0, -9, -1001, 4, 5, 0, -212, 54, 431
539188344, 1, -11, -1002, 3, 5, 0, -210, 53, 432
539308073, -5, -13, -1004, 2, 5, 0, -212, 54, 431
539428312, 2, -10, -1003, 4, 6, 0, -214, 54, 432
539548182, -1, -10, -1007, 2, 6, 0, -210, 54, 430
539668091, 0, -12, -1003, 3, 6, 0, -212, 55, 431
539788089, -2, -11, -1003, 3, 6, 0, -211, 55, 430
539908156, 1, -9, -1005, 3, 5, 0, -210, 55, 430
540028285, 0, -11, -1006, 3, 6, 0, -212, 55, 430
540148214, -2, -12, -1004, 4, 6, 0, -211, 55, 430
540268149, -1, -10, -1007, 3, 5, 0, -212, 54, 430
540388174, -3, -11, -1005, 4, 6, 0, -209, 54, 430
540508175, 0, -11, -999, 3, 6, 0, -211, 55, 431
540628086, -1, -11, -1003, 1, 6, 0, -211, 55, 431
540748212, -2, -14, -1007, 5, 6, 0, -211, 55, 431
540868090, -1, -12, -1005, 3, 6, 0, -211, 54, 432
540988167, 2, -9, -1006, 4, 5, 0, -211, 54, 431
541108086, 0, -14, -1005, 4, 4, 0, -210, 54, 431
541228163, 2, -9, -1002, 3, 6, 0, -211, 55, 432
541348090, 2, -12, -1000, 3, 5, 0, -211, 55, 430
541468074, 0, -11, -1003, 3, 5, 0, -212, 55, 430
541588191, 4, -12, -1004, 3, 5, 0, -211, 55, 431
541708989, 4, -13, -1001, 3, 6, 0, -211, 56, 430
541828228, 2, -13, -1003, 5, 6, 1, -210, 55, 430
541948088, 4, -11, -1000, 3, 6, 0, -212, 54, 431
542068204, 1, -14, -1004, 3, 5, 0, -211, 54, 431
542188176, 2, -11, -1008, 4, 6, 0, -210, 54, 430
542308433, 3, -10, -1005, 3, 6, 0, -208, 54, 431
542428106, 0, -12, -1005, 3, 5, 0, -211, 55, 431
542548437, 2, -11, -1001, 4, 6, 0, -212, 54, 432
542668236, 1, -13, -1004, 2, 5, 0, -211, 55, 432
542788086, 1, -16, -1001, 4, 5, 0, -210, 54, 430
542908155, -3, -11, -1005, 4, 6, 0, -212, 53, 431
543028289, 1, -12, -1003, 4, 6, 0, -210, 54, 431
543148178, 1, -13, -1002, 3, 6, 0, -212, 54, 431
543268176, 0, -14, -1005, 2, 6, 0, -212, 54, 432
543388212, 2, -14, -1004, 3, 4, 1, -212, 56, 430
543508139, -1, -10, -1002, 5, 5, 0, -210, 54, 431
543628472, -1, -9, -1008, 4, 7, 0, -212, 53, 431
543748177, 1, -11, -1007, 4, 7, 0, -212, 55, 430
543868417, -1, -13, -1005, 5, 7, 0, -211, 54, 432
543988211, 0, -11, -1007, 3, 6, 0, -211, 55, 432
544108090, 0, -14, -1003, 5, 7, 0, -211, 54, 432
544228220, 3, -11, -998, 3, 7, 1, -212, 55, 432
544348491, 0, -17, -1006, 3, 6, 0, -209, 54, 431
544468260, 1, -13, -1004, 4, 5, 1, -212, 54, 431
544588092, 14, -10, -1001, 3, 5, 0, -211, 54, 431
544708090, 1, -7, -1000, 1, 3, 1, -209, 55, 429
544828764, 0, -14, -1001, 3, 6, 1, -211, 56, 432
544948086, 7, -13, -999, 5, 6, 0, -212, 55, 431
545068313, 2, -11, -1000, 3, 5, 0, -212, 55, 431
545188119, 5, -12, -1001, 3, 6, 0, -211, 54, 431
545308184, 7, -13, -993, 3, 5, 0, -210, 55, 432
545428134, 11, -12, -997, 2, 5, 0, -211, 56, 431
545548228, 7, -14, -1000, 3, 6, 0, -210, 54, 431
545668090, 10, -10, -999, 3, 5, 0, -210, 54, 431
545788487, 9, -11, -999, 1, 5, 0, -211, 55, 431
545908088, 12, -13, -992, 3, 5, 0, -210, 54, 431
546028279, 7, -14, -997, 2, 5, 0, -211, 54, 430
546148162, 3, -12, -997, 2, 5, 0, -209, 55, 430
546268175, 6, -11, -998, 3, 5, 0, -210, 55, 430
546388176, 3, -9, -1000, 2, 5, 0, -211, 55, 430
546508151, 0, -15, -1001, 2, 5, 0, -210, 54, 430
546628207, 5, -10, -1000, 4, 6, 0, -211, 54, 431
546748392, 0, -9, -1000, 1, 5, 0, -211, 54, 432
546868089, -1, -15, -1001, 2, 5, 1, -210, 54, 431
546988178, 5, -9, -1000, 3, 5, 1, -211, 54, 431
547108105, 5, -10, -997, 3, 5, 0, -212, 55, 431
547228164, 3, -12, -999, 2, 5, 0, -211, 55, 431
547348090, 0, -11, -1002, 3, 6, -1, -213, 54, 431
547468162, 2, -13, -1001, 2, 6, 0, -211, 55, 430
547588080, 4, -12, -1005, 3, 5, 0, -211, 55, 432
547708174, -2, -11, -1005, 3, 4, 0, -211, 54, 430
547828087, 3, -9, -1001, 2, 6, 0, -212, 55, 431
547948168, 2, -12, -1002, 3, 6, 0, -212, 54, 430
548068221, 1, -10, -1003, 4, 7, 0, -212, 53, 432
548188503, 2, -12, -998, 3, 6, 0, -212, 54, 430
548308166, 0, -11, -1003, 3, 5, 0, -212, 54, 431
548428107, 0, -8, -1004, 3, 6, 0, -211, 54, 430
548548175, 4, -14, -1004, 3, 6, 0, -211, 54, 431
548668103, 3, -8, -999, 3, 5, 0, -212, 55, 430
548788258, 0, -11, -1000, 4, 6, 0, -211, 55, 431
548908222, 4, -8, -999, 4, 5, 0, -211, 54, 431
549028746, 8, -8, -996, 1, 5, 0, -210, 55, 430
549148200, 0, -16, -1000, 1, 5, 0, -210, 54, 432
549268092, 5, -12, -1001, 3, 5, 0, -210, 54, 431
549388215, 2, -9, -999, 3, 5, 0, -210, 56, 431
549508091, 3, -12, -1000, 1, 5, 0, -211, 54, 431
549628904, 4, -11, -997, 0, 5, 0, -212, 54, 432
549748185, 5, -13, -998, 4, 5, 0, -211, 54, 431
549868088, 3, -9, -1006, 2, 5, 0, -212, 55, 431
549988108, 1, -9, -1004, 2, 4, 0, -210, 55, 430
550108151, 0, -14, -1001, 2, 4, 0, -211, 54, 431
550228784, 0, -10, -1003, 3, 5, 0, -211, 54, 431
550348095, 5, -9, -1001, 3, 5, 0, -210, 54, 431
550468175, 4, -12, -1000, 3, 6, 0, -210, 53, 431
550588091, 4, -10, -1003, 3, 5, 0, -212, 54, 431
550708090, 3, -15, -1002, 3, 5, 0, -211, 55, 431
550828530, 2, -12, -1003, 4, 5, 0, -211, 54, 431
550948509, 0, -12, -1002, 2, 6, 0, -210, 55, 430
551068110, 0, -13, -1002, 5, 6, 0, -211, 55, 431
